Input sequence: tensor([[0.0012],
        [0.0000],
        [0.0107],
        [0.0430],
        [0.0286],
        [0.0346],
        [0.0286],
        [0.0155],
        [0.0322],
        [0.0764],
        [0.0632],
        [0.0644],
        [0.0442],
        [0.0370],
        [0.0704],
        [0.1181],
        [0.0883],
        [0.0895],
        [0.0764],
        [0.0811],
        [0.1026],
        [0.1838],
        [0.1408],
        [0.1384]], device='cuda:0')
Target sequence: tensor([[0.1277],
        [0.1158],
        [0.1444],
        [0.2017],
        [0.1790],
        [0.1874],
        [0.1527],
        [0.1551],
        [0.1862],
        [0.2888],
        [0.2578],
        [0.2434],
        [0.2422],
        [0.2482],
        [0.2613],
        [0.2971],
        [0.2959],
        [0.2780]], device='cuda:0')
Predicted sequence: tensor([[0.0809],
        [0.0834],
        [0.0791],
        [0.0783],
        [0.0762],
        [0.0766],
        [0.0765],
        [0.0743],
        [0.0752],
        [0.0751],
        [0.0751],
        [0.0744],
        [0.0751],
        [0.0747],
        [0.0744],
        [0.0743],
        [0.0747],
        [0.0743]], device='cuda:0', grad_fn=<SelectBackward0>)
Test loss: 0.0166
Dataset Name: SDI_Temp_1m.csv, Train Loss: 0.039941520308519246, Test Loss: 0.1287348334822107

Input sequence: tensor([[0.1534],
        [0.0000],
        [0.0242],
        [0.1716],
        [0.2653],
        [0.3292],
        [0.2566],
        [0.2043],
        [0.2987],
        [0.3280],
        [0.4066],
        [0.3629],
        [0.2850],
        [0.2015],
        [0.3818],
        [0.3451],
        [0.4835],
        [0.5312],
        [0.4727],
        [0.3942],
        [0.4526],
        [0.4543],
        [0.4413],
        [0.4909]], device='cuda:0')
Target sequence: tensor([[0.6292],
        [0.5299],
        [0.5475],
        [0.3868],
        [0.5788],
        [0.4822],
        [0.4298],
        [0.4143],
        [0.5968],
        [0.6695],
        [0.8184],
        [0.7657],
        [0.7176],
        [0.6989],
        [0.5563],
        [0.6425],
        [0.7102],
        [0.5962]], device='cuda:0')
Predicted sequence: tensor([[0.3807],
        [0.3872],
        [0.3827],
        [0.3862],
        [0.3822],
        [0.3853],
        [0.3831],
        [0.3821],
        [0.3837],
        [0.3817],
        [0.3925],
        [0.3817],
        [0.3921],
        [0.3859],
        [0.3857],
        [0.3895],
        [0.3888],
        [0.3863]], device='cuda:0', grad_fn=<SelectBackward0>)
Test loss: 0.0280
Dataset Name: Vapor_Pressure_Avg_2.csv, Train Loss: 0.10993095221180656, Test Loss: 0.16735442880513166

Input sequence: tensor([[0.5927],
        [0.5372],
        [0.4816],
        [0.6310],
        [0.5426],
        [0.1430],
        [0.2153],
        [0.4180],
        [0.0685],
        [0.5124],
        [0.3245],
        [0.2159],
        [0.3595],
        [0.3562],
        [0.0901],
        [0.3197],
        [0.2394],
        [0.2818],
        [0.3259],
        [0.2529],
        [0.0823],
        [0.4399],
        [0.1349],
        [0.1701]], device='cuda:0')
Target sequence: tensor([[0.1069],
        [0.3350],
        [0.2390],
        [0.3189],
        [0.4055],
        [0.1355],
        [0.1670],
        [0.2915],
        [0.1641],
        [0.4800],
        [0.3025],
        [0.1473],
        [0.1963],
        [0.4095],
        [0.3651],
        [0.3100],
        [0.9087],
        [0.3994]], device='cuda:0')
Predicted sequence: tensor([[0.2381],
        [0.2411],
        [0.2474],
        [0.2478],
        [0.2609],
        [0.2735],
        [0.2774],
        [0.2816],
        [0.2858],
        [0.2843],
        [0.2816],
        [0.2849],
        [0.2902],
        [0.2865],
        [0.2832],
        [0.2745],
        [0.2830],
        [0.2863]], device='cuda:0', grad_fn=<SelectBackward0>)
Test loss: 0.0379
Dataset Name: WS_ms_Avg.csv, Train Loss: 0.15707769217204318, Test Loss: 0.19472968406050067

Input sequence: tensor([[0.0146],
        [0.0000],
        [0.0072],
        [0.0478],
        [0.0449],
        [0.0374],
        [0.0305],
        [0.0163],
        [0.0330],
        [0.0724],
        [0.0696],
        [0.0645],
        [0.0525],
        [0.0391],
        [0.0596],
        [0.1166],
        [0.0923],
        [0.0906],
        [0.0886],
        [0.0846],
        [0.0998],
        [0.1813],
        [0.1524],
        [0.1486]], device='cuda:0')
Target sequence: tensor([[0.1378],
        [0.1280],
        [0.1396],
        [0.1946],
        [0.1814],
        [0.1902],
        [0.1762],
        [0.1669],
        [0.1908],
        [0.3000],
        [0.2692],
        [0.2594],
        [0.2493],
        [0.2512],
        [0.2753],
        [0.2946],
        [0.2997],
        [0.2839]], device='cuda:0')
Predicted sequence: tensor([[0.1096],
        [0.1102],
        [0.1099],
        [0.1104],
        [0.1104],
        [0.1102],
        [0.1105],
        [0.1103],
        [0.1116],
        [0.1110],
        [0.1105],
        [0.1101],
        [0.1114],
        [0.1113],
        [0.1112],
        [0.1105],
        [0.1114],
        [0.1117]], device='cuda:0', grad_fn=<SelectBackward0>)
Test loss: 0.0126
Dataset Name: WTemp_C1_Avg.csv, Train Loss: 0.029137121331078812, Test Loss: 0.11206976604007116